10000
8359
4397
9997
101
2377
3613
1410
6212
6791
9924
500
3578
6974
8185
597
1951
6589
595
2988
9971
3084
7913
1015
2266
8139
1767
1453
5411
2434
3
2192
5111
9647
3248
7010
7064
5846
175
2429
4518
920
9667
1260
895
9270
6674
9747
8402
5718
5783
7587
7160
3506
5180
9687
6196
301
5054
1007
2539
3957
6546
9987
382
8448
4195
2120
7648
1296
546
8282
1256
7141
7810
4099
1834
8361
2862
489
6004
1884
4973
3124
8870
7307
2546
1180
2304
8472
2054
9090
9948
1921
617
2920
2828
9254
6428
411
6502
207
1248
2061
863
4155
5782
1216
7988
2125
9602
7986
7470
9612
4493
4339
4597
1425
9093
3676
2533
9477
9421
2882
4930
518
4014
7618
4581
2149
644
753
7970
4978
9453
8740
5555
7974
8222
5835
645
2125
9336
2037
8824
1785
9408
4234
765
4778
1787
7232
2140
8506
5303
1648
4
1449
8122
2586
5556
7292
3511
277
555
5517
1919
6226
8097
4671
4031
2200
8024
4667
2394
7087
6634
4124
749
6834
727
2734
9950
6545
6926
816
6592
4618
4614
98
2210
968
1741
5962
1490
2667
5225
5416
530
1536
91
1452
849
53
5265
4216
6988
511
780
2415
3824
9951
4765
9879
8021
6486
6002
7264
1677
337
9606
1065
7904
3319
6908
3979
5960
7100
4341
250
2286
1864
3690
2823
7820
8455
7209
5509
920
8803
1689
8041
5435
6893
2851
4478
8326
3801
1792
1536
454
7320
5513
932
1947
7595
901
5528
8093
6542
9958
9278
2071
9040
6058
8888
2821
1957
2855
4203
7112
5856
8628
5218
5593
4756
1888
5078
2779
2642
4500
152
8787
8925
5333
7200
3440
6395
1350
7623
7799
9456
1060
6503
1595
9536
5966
5347
9706
3374
8135
7939
9134
210
3112
997
8578
7191
2943
5611
1180
7334
5935
2467
1277
8476
693
2113
4895
4198
4721
7347
959
3620
6327
6849
5981
7233
7203
5206
6590
7599
8669
8039
4616
574
5501
788
7405
7812
4009
4758
5682
1310
155
664
4031
5851
2917
4369
2884
8414
5263
145
4961
5074
5831
7222
9944
652
2394
2596
330
9495
7008
571
7371
299
6699
72
1062
6786
5538
412
6323
944
7300
8059
7419
9190
8548
1878
4632
1097
5005
4297
8688
5348
2108
6505
3314
8486
9188
8953
6521
7709
7102
5291
5266
4613
919
1630
8335
835
9382
6919
5496
8954
813
6970
2254
7650
9999
1767
9714
3415
346
5383
6999
2531
1855
7268
3811
8537
1299
1307
9489
1914
888
3931
2351
1677
2923
2138
5683
3881
7082
7837
713
993
4690
9143
9147
4184
2141
4848
5591
9469
4409
2877
9020
2967
1463
1295
8742
1547
8527
5055
5065
8340
6173
1912
6736
6003
8018
2808
6602
7458
7114
5941
4607
124
3467
5328
9150
10000
9542
3912
9316
764
7450
8025
9848
9555
1485
2352
3296
7367
2915
7365
585
5938
8750
9397
4413
5037
7583
5980
557
7534
7640
7692
4927
1283
523
169
7583
93
5397
967
5823
5158
1975
5965
6081
7923
2168
5124
551
6021
8117
2059
9354
221
279
234
2025
3632
3549
4060
1282
4927
8226
4294
1781
6815
4255
8378
1267
2194
894
7234
5167
6206
9334
9141
292
7489
7923
1805
409
4937
5565
4738
3414
2191
7650
7491
3039
8518
8388
2291
8482
3183
892
3403
5923
3703
9132
4734
2997
8877
8617
384
9759
2105
3125
2824
4850
1457
8383
2747
3418
3421
2
4892
1839
9408
4674
681
8808
3827
649
5981
597
6874
4591
9125
2168
6341
7405
5144
7067
9915
8079
1778
2657
7400
1318
654
7035
1294
9050
1339
2482
8187
6719
6548
4147
7685
9329
6829
5802
5576
3899
1564
337
7123
9669
4779
1510
6525
166
53
6510
4402
5722
280
980
7865
4134
3569
6689
2253
7885
833
5628
587
7080
4863
4120
3863
3753
1115
5613
5475
6073
5546
6384
547
1698
2903
1770
7931
6291
8268
3096
2455
7679
1210
5261
91
3399
3637
6862
5080
5304
285
5998
2147
7466
9531
7046
8573
8079
7936
2186
8820
1826
4495
6155
320
7651
5246
8650
1638
5196
1427
5627
6922
4249
805
1153
9139
3190
7463
2104
7079
7597
9670
1854
9034
3098
4135
4180
5172
8300
9194
4586
9373
2953
581
8571
9578
4187
2774
2972
8901
5141
4005
581
9966
8188
2812
1133
6410
6425
2777
5706
3808
9038
2649
6581
9289
2510
6803
8284
9102
2873
4952
9764
4474
3497
4336
6817
6304
4901
140
7916
81
2167
8836
1469
2011
885
4666
1093
6247
3803
7383
2457
1853
5298
7629
3150
8363
9249
1254
3618
5769
7183
15
4256
7171
811
3594
4525
1212
312
1210
4542
8480
95
528
3305
4507
1718
3014
3750
4867
4863
1911
356
8822
8982
9467
7948
1876
2940
2338
7653
2662
3538
2875
5252
2380
1090
1785
2354
3277
7868
7359
3503
6508
7118
346
7072
2688
5933
3720
5234
5893
6925
2593
9962
581
2383
4997
4187
7326
6517
6677
7652
1
1181
6767
2296
2432
2780
2411
4174
3554
1945
5355
8864
3983
8146
4095
2492
1757
3999
1862
8501
354
5090
2962
9512
2317
4724
4744
2962
6850
3461
9255
8561
1793
9045
8612
1756
1528
3168
7332
3649
3063
3849
2239
8751
3660
5229
3173
790
4527
547
6205
4389
8396
6066
443
1508
1945
2157
8444
489
5524
3328
3418
7882
305
4696
1781
1707
6808
2850
1243
4886
9380
4578
443
4704
4639
9903
4581
1926
1012
9907
256
8860
5856
1574
7001
9959
1168
4997
5048
8104
7535
691
7053
798
4358
3688
7157
5993
4523
204
1672
3496
8336
9293
5441
7854
8958
5304
8149
129
544
7798
1211
2991
7693
6650
2961
4840
2715
3252
2724
9495
1709
6197
9172
9525
8265
2976
1010
7399
8332
9685
6213
6589
9554
2847
8094
4449
529
2356
6540
2833
5186
2405
8244
217
6265
2399
8717
7632
337
6623
6090
3471
2577
3805
6088
5010
129
9207
9889
5536
2061
761
824
13
8152
4261
9539
1387
673
5290
2485
1740
6316
8839
6979
1856
1339
479
259
8553
8810
8974
1742
6726
1013
8021
2480
6945
9079
423
4024
663
4183
7274
1531
3885
8563
5008
6304
9630
8117
1648
7081
1760
3574
6372
2254
8815
90
326
9180
2084
1167
8333
2729
8308
5301
6657
330
3752
5264
2659
97
9869
2278
2549
9957
8761
715
5201
7957
781
696
3989
4252
7598
4859
3973
5361
2651
1568
7450
1602
3154
4233
7952
8549
2384
6658
8077
5509
5360
4330
5051
4007
3648
9631
8754
7791
9467
2799
169
9457
7101
4717
9241
7994
4403
1856
7537
9570
7276
2228
673
313
3720
5855
2479
7914
5478
2648
6717
8429
432
4006
253
3631
9328
8635
8600
5087
5092
2320
9412
504
4904
63
3818
662
4354
4513
7122
1833
1720
3169
9366
2633
7242
4903
3494
1518
1995
1008
2028
2331
6370
1985
1259
3295
4880
1855
875
1966
7937
9514
9351
19
8395
9559
8508
1918
2839
6563
8011
3854
4606
5659
6203
5954
385
1273
5030
3739
8697
6883
2306
1589
2077
9749
1814
6544
7869
970
2151
4147
1801
1169
3339
3371
2421
664
9110
9785
9513
2765
1353
1016
5202
2844
1647
4321
1322
354
9759
935
7464
2817
3625
7876
7958
5331
7064
604
6505
6124
9542
7417
1988
9571
4424
2376
8661
2722
1972
5114
0
6137
3523
7920
663
5276
2233
789
9722
9620
5572
8682
826
475
897
5696
4860
2264
6315
4684
1356
1041
9003
3157
2537
3555
9814
3600
6673
772
9517
1595
4195
720
7823
8382
2206
913
572
2308
3992
3741
1759
3470
2610
1687
1291
5156
6193
7864
1333
9973
2580
9619
1504
8351
3459
218
880
7290
1137
672
4713
5750
7963
7111
8952
2667
1692
9592
1526
3127
1279
2238
71
9307
8349
8456
3577
4721
8573
4945
813
1342
982
5924
6861
7283
1798
446
6986
146
1853
2276
6606
4164
8672
8632
4068
3022
8870
1315
1562
5859
2994
4597
6421
1114
2105
9132
1543
4631
4587
5637
378
117
9724
372
9901
5363
570
7854
6123
3613
973
6254
9254
7320
9659
5162
23
8143
3078
733
2165
419
6523
9620
3646
1326
1360
7766
5052
1782
1093
4800
4284
5131
9848
1842
4290
5308
8764
5372
449
53
8537
6213
5559
4704
1297
4838
9540
3175
1538
9899
3657
5087
5220
6075
1518
3299
1474
4755
7277
4845
9212
6614
304
3372
1991
5564
1481
5428
9633
4193
110
9344
6936
400
6204
2464
7166
6822
6088
8011
3829
9978
1380
972
6710
7579
9499
2366
1871
6198
9173
3617
507
5222
6552
6575
1907
4169
6235
9635
7933
6535
6651
9513
3683
4472
5179
4048
5108
6827
1776
696
1880
5071
9516
2020
117
7711
1213
7548
5388
4542
5006
7962
8048
9615
1891
158
8765
7699
9385
1904
1629
2869
3013
6100
1410
5959
2554
5736
6178
533
8403
2318
1038
3923
23
2240
3304
6605
7216
2608
7215
7931
7882
3342
1929
5983
1057
7053
3027
6363
6785
1812
188
2992
125
5566
7868
5327
648
6644
8460
5703
1933
3825
3473
9918
941
1242
7342
2655
517
4998
7664
3625
3157
5289
5460
9839
6773
8341
1336
6721
362
9002
107
6660
7554
1880
3163
2156
8917
4247
6010
2828
3551
1966
6477
3846
8088
9764
329
5279
8294
4147
6637
6288
5031
7696
680
4948
392
7088
7162
1030
8122
1477
1091
183
83
7169
5285
3431
3534
3325
1622
1719
5843
4415
5222
1141
592
311
9107
7681
1884
5936
7447
7990
8246
1756
3901
8869
5730
5575
4618
7899
316
77
8817
899
8371
8302
4579
6309
5047
7020
9592
2150
5556
2530
3
1876
3659
995
6484
1326
9556
5460
233
2679
5326
7031
7404
7418
763
5295
4648
1631
1571
2943
8759
7167
3824
1365
9274
7057
9018
1305
5717
450
1896
5177
3470
6297
7509
3812
9539
8704
4798
4266
5788
7240
402
5909
4971
4670
397
6960
4372
8413
5998
9343
4067
8368
3720
6129
4425
4880
1555
2224
1766
2265
999
4910
625
6524
3968
9772
8555
3326
9734
3113
4488
7666
2620
848
1890
1255
1995
4963
2205
6303
2078
5847
455
2144
7795
1579
1264
8094
372
8652
1011
7678
397
730
7121
2086
7114
1007
3615
2495
8946
7509
7361
124
1671
2672
9418
3297
1555
5682
5509
3532
544
7390
4078
9930
2709
1448
5086
7951
8200
590
2698
8852
5611
6388
965
9919
9864
5251
2477
1770
1179
8348
2260
8188
8854
9504
313
3471
7532
4706
2936
5739
970
1737
2594
1411
2057
3150
1832
7580
1075
5344
5866
6212
794
9315
2519
8831
5681
304
5462
4971
2106
9568
453
1776
7715
593
3310
2714
8073
4076
6557
436
708
3960
7926
68
6359
7789
2565
4750
5588
286
7232
3971
7032
3394
7265
7805
1341
1270
567
5237
4330
493
31
9275
7879
2496
6936
2985
2725
5047
8030
5311
425
3017
5205
404
3060
3973
701
7404
4399
6684
546
9071
7863
7255
8568
465
1399
2673
57
5668
5674
7964
9738
5416
2280
4599
7397
4504
730
8092
9663
9924
6862
9646
1065
5180
6540
4002
2011
2593
714
337
8297
536
8228
5975
2147
7843
6487
2517
465
8688
7068
2499
665
7869
1636
7416
694
4043
8257
130
3352
8479
4537
8470
6407
947
8102
9387
5681
3073
8290
2650
1706
7358
5523
8319
6081
77
544
992
1528
4973
191
9366
6267
6177
8267
5999
510
3868
1163
4535
6118
880
1285
1421
5337
2513
8745
853
2191
708
4189
619
7971
5079
1309
5030
1855
3013
2530
62
7253
6231
2595
1987
7877
4528
6745
3763
5851
34
9478
2187
2859
614
8249
3262
8994
8478
3629
2815
966
4772
1550
4075
8555
3031
6841
8833
5021
1603
5772
7290
7617
5187
9818
8531
1949
43
481
6956
635
9623
151
2122
833
4103
7117
7116
8961
2933
7610
4429
5491
9178
8532
2918
6421
8807
4771
3371
1776
974
3085
5831
4099
2828
3264
6378
7294
3429
7908
1892
1343
735
7067
887
9651
2412
123
3412
1084
9291
9705
1302
9898
5244
9364
5409
507
5490
2974
7035
673
5364
8889
1678
9684
6697
2329
2126
7838
6619
6293
6016
9371
9735
6564
420
6808
4009
8344
3705
8245
3688
1390
8258
676
1698
8825
7112
1253
2722
725
1899
5387
4709
5383
892
557
2589
5041
3294
2630
5131
686
4070
1434
6772
6380
8464
4918
2008
7870
6853
8237
1587
2776
3803
6669
9143
531
4718
2304
3928
4225
4782
7472
8060
5316
657
2707
1801
1886
7674
5839
7419
4979
870
1933
3022
3946
5383
1717
1396
866
7311
1413
1174
9196
1191
7368
8352
7589
4987
9870
8032
2135
3425
8076
9109
7509
2700
2561
4945
278
8450
6751
1046
8078
5120
2296
7918
858
1822
7293
97
49
2367
8571
4426
143
7361
1854
4740
235
1981
597
7744
7280
7547
8995
4483
1329
9871
814
891
9031
6313
9773
2044
4966
64
9925
4684
1168
6578
4088
7914
1439
9379
7538
7110
2044
1230
7097
1130
5434
6420
9877
1268
6644
8849
8850
2687
6693
2325
6898
6770
2179
1172
8900
4498
8406
7309
3720
7566
3092
5959
5198
2052
1607
9593
2115
482
8251
5402
2414
9456
7279
8031
7361
6130
6910
9950
6911
6865
9588
3051
1747
3499
5158
1093
8779
6483
3
8526
1324
6305
1775
9957
6069
4361
3197
3267
4841
5125
1809
9990
2248
4586
2118
434
1441
8111
7216
8217
4802
7571
6549
8927
2267
3023
5860
4412
6410
9663
6377
988
9115
2724
6525
7781
7267
1330
6635
78
2518
4342
7164
3263
6159
6033
9609
4552
6481
8487
2567
7465
2033
2761
4659
8607
4102
5544
809
3154
3913
5866
2988
4800
4970
5849
1871
5089
8950
2388
2893
5950
2396
7998
3981
5470
1590
7948
2720
2434
3876
5088
5961
7960
7704
2271
1544
6341
2690
2286
4522
5792
8528
4334
3078
2897
5507
4020
980
2284
1923
3306
4548
6226
4281
8681
563
1605
47
9126
3262
7906
992
4005
1789
1947
8797
3343
6437
7507
1151
1030
144
16
9847
6180
5965
3814
8844
9370
2238
690
2112
2793
6428
8022
8425
1064
3198
2053
4742
1295
2528
5915
8406
7881
1375
5359
7414
6154
8056
2020
6868
5049
518
8261
5350
2689
8746
6153
1834
6757
5431
846
7799
4201
9438
9584
6580
2553
1278
237
7419
9771
3421
7012
6486
2086
8498
6106
779
7227
3961
5395
8728
1405
8177
8349
4869
9792
1829
4113
4543
4832
37
800
9616
2756
7791
6458
2000
7104
4949
4972
470
8328
9388
1810
1578
5784
5570
4079
2939
493
5022
1506
1587
2655
9817
1146
6122
8053
8936
4727
9594
6033
9702
6757
6083
1093
6248
2553
6680
4166
2990
2583
6939
9858
4418
8232
5997
4687
228
7326
6885
2819
2655
1534
4572
7910
1829
5673
6416
2686
4331
624
52
3820
7758
6900
839
4782
2881
1849
8581
6981
6638
5845
6691
4656
3053
850
6326
4476
4274
4167
6903
7419
1585
2253
5546
4538
4768
2928
941
1835
1120
4504
488
7151
7235
8629
9879
5738
6307
3920
2699
9811
5764
3982
4712
7660
5906
6016
7883
2913
6434
1080
693
3206
4322
6038
5578
6462
1644
3127
10
9997
4661
1894
4206
8769
2561
5794
4313
6050
8453
1173
3
5179
990
5435
6640
3978
1372
1204
7489
3254
9600
9289
5546
5442
9449
5331
2768
334
1339
2935
9055
1832
6387
9454
6014
7973
621
4223
3139
5211
1792
6085
198
4927
6045
5094
4933
7831
9452
1195
5175
9780
1886
6462
6637
2324
8857
8170
3956
6596
6252
998
3092
4943
3805
5614
2221
4025
2465
6198
7710
7358
7641
2257
1725
859
9878
2595
5467
6375
6866
6366
5236
5030
41
9490
1493
6691
2223
5428
4717
2241
1883
9646
7793
512
2205
2697
7875
8273
3303
446
1731
8503
6798
596
7294
1335
1132
5728
8176
5878
7472
5455
6233
863
3271
1707
5530
3257
5299
808
6599
4229
8959
3188
1182
2659
188
328
1228
2026
6337
4916
6795
357
7200
7606
5585
2974
4321
2558
9175
8310
143
4505
4407
9102
4946
8435
3749
6912
4378
850
5415
8838
2367
2387
6404
142
9665
968
7567
1443
635
2294
6846
8218
6268
2621
4017
1712
4708
2073
1400
9221
4299
5156
8560
3651
8128
8673
1805
7181
1834
452
5718
3367
1160
7220
1719
6365
3090
8202
914
7118
7724
664
3713
3081
264
5047
4275
685
6193
5237
2912
9864
5434
1880
698
1147
2807
6171
2174
998
2290
9052
797
614
9613
6875
7748
7663
3469
151
4029
4492
3294
1145
1583
7818
5998
5415
4016
7879
2366
3938
9653
3367
2351
4749
8807
2013
3140
5597
748
9942
1975
7215
5442
2693
3398
6996
2991
3957
2643
541
8409
1737
5494
3012
9759
2708
6353
1557
2398
1241
3748
335
2683
7501
8876
3898
7895
461
5738
3599
5774
7463
7663
8339
414
8917
5118
5202
8306
867
4707
1454
7051
813
3871
7523
2663
2673
6464
9672
4554
5275
5023
7513
5421
206
430
2299
1713
3435
8612
1570
5087
9950
3908
3124
746
6212
9832
2802
9670
8657
5360
2277
8929
7467
429
5147
9840
7275
5836
493
2646
2741
6096
5000
3636
4066
7461
4051
7220
9960
9466
6294
7173
8432
4107
3399
202
8705
1233
3082
8177
9464
848
7995
4513
178
1337
2806
422
6245
6227
8648
2045
191
5507
7076
3750
3540
3719
7789
1167
9024
5698
2066
105
3053
6673
1059
8524
9841
5474
5779
43
5597
2433
9189
1309
9508
6927
9402
6957
1193
8233
3301
9624
5200
4255
4466
1773
3258
9035
509
7988
8937
8869
2393
2610
9654
8857
8070
9714
1323
8398
2609
3840
1244
217
9274
1735
5980
9989
7520
1580
1137
231
7510
989
3599
7501
4348
4365
2493
3782
9282
1907
6265
4703
1705
236
3190
2928
4754
3750
3115
7249
6210
8786
7998
4848
1733
769
6677
239
1728
1549
9735
6678
6103
3255
2247
7334
349
2245
7924
6119
6768
3127
3071
6912
1941
1947
6022
2760
4272
2115
1732
1726
6730
924
7622
283
5646
9363
2463
8798
3042
6475
812
2570
7805
5034
1789
8302
3607
5076
8104
3041
1229
584
3500
2311
8726
9061
7916
4478
9851
5024
9187
5698
8001
4184
991
8264
5690
4437
9705
2000
1694
6617
2842
689
3110
911
1131
6352
3414
3818
1760
9325
994
4718
1660
5705
4134
9719
6046
282
314
6962
1277
7189
306
378
9155
2134
3847
7184
5784
352
7133
1824
3405
2656
9172
6975
202
7123
3808
77
9496
294
7227
4704
979
6061
2219
5480
6698
1215
2848
5618
4827
9452
8673
3675
564
4726
5988
7530
4644
5756
5253
9833
5785
7874
7680
5283
9955
3183
2512
6112
4849
2878
6685
8455
380
6509
722
3019
9092
7804
6414
186
7684
7135
9049
596
2785
475
9761
1374
5717
8098
1168
730
2375
1818
5923
4929
7894
4027
1995
5473
470
6257
1725
2621
9810
9873
7659
5839
7091
4945
6626
1361
5953
1816
9363
2784
9083
1601
1171
6119
9461
3138
1972
9727
2979
514
4022
8210
1492
3317
5644
7894
6418
2919
2009
886
5765
8670
3668
854
6434
9790
876
1341
2295
4768
9524
2528
9072
9161
4593
6195
122
1858
8442
4384
4801
529
7697
8927
304
9933
4357
2693
153
4198
2792
7372
7477
4050
6900
1805
5797
8325
7682
2764
2100
4188
3123
8946
2533
3698
8934
3715
2973
9401
7804
5679
2456
8982
2731
2382
6613
1391
7190
4313
6548
6441
459
471
727
7917
4721
3082
201
7089
5627
831
74
5204
2971
1801
9426
128
1464
7820
1541
7840
4798
8650
5200
1823
3275
2615
9256
431
703
2313
9583
2069
3169
77
5087
5277
946
1430
371
395
1658
3951
6420
7108
1092
450
6048
1148
5054
6389
3146
8942
5082
1747
1398
2793
3545
2403
2564
5661
2384
1373
8939
1287
7443
9290
91
6362
3077
1476
8907
4168
4499
6504
2364
1647
8725
2132
4406
9999
2638
6038
599
8634
3529
7484
7885
8938
591
6026
7423
3676
4459
1292
646
5904
8161
5476
7361
8330
6123
4674
282
9344
2290
7137
5684
4735
3556
9205
5613
467
7224
2122
8798
2540
4228
7314
7838
5085
4294
3732
210
5234
2844
1458
6435
2745
1981
7506
4008
2500
8782
5893
1912
7407
2183
5998
6891
6448
2493
9148
954
7947
2941
4260
9836
446
3247
3987
4609
7670
2899
39
3861
8025
5433
7440
4382
6417
2215
220
934
9891
3434
6824
3084
8681
5221
6445
3044
2083
1654
9028
830
80
3991
5280
5128
9068
340
905
6191
2611
4718
5440
9567
1131
9335
6100
5500
3130
9481
9963
4537
8443
9973
2575
494
1270
6986
1630
2233
8339
3609
3798
4101
588
4639
2276
4348
338
7242
2115
5216
2964
8130
1923
9542
1629
2579
480
2679
9643
1695
1814
7765
264
1971
5077
2714
6592
6949
2385
801
6076
5672
9061
3215
6502
280
8316
3721
2067
9371
197
1725
1270
2643
2985
1497
5225
706
7684
3451
7729
670
9592
4592
9919
2223
6911
4017
6608
6358
6572
8883
4141
3313
4476
3551
2631
8084
731
9440
4518
4126
2204
3164
6148
5068
8090
7991
7320
176
5460
1046
767
8284
8615
4487
3370
9971
246
5022
9355
351
788
2107
7255
6748
357
2370
9865
1874
5593
9777
7647
8124
3718
1621
2289
7812
970
6016
3006
4959
9447
2280
7152
6484
5705
705
9041
6435
5141
3756
650
8608
373
2654
2589
8171
4898
4335
2397
13
4944
5737
5574
4426
973
6590
2166
6115
5802
4648
1541
7180
4867
6902
8590
5579
890
3057
9513
6525
4002
8417
2390
1928
2163
3732
4250
7933
354
4281
2210
9229
2329
4877
2113
2549
849
6677
4330
815
9323
1223
9111
3709
9303
6539
5626
3181
3998
4084
1536
2655
7125
1841
7013
8423
1734
4038
3268
3894
5161
6157
122
3546
2795
249
9714
9519
4289
6188
5110
54
8710
4101
1593
632
3746
5753
1059
5265
5294
111
9848
2636
9923
8747
7504
4558
633
1593
368
365
4576
4081
9203
5359
125
1459
1573
7748
2883
8543
4148
5865
5410
9899
9031
7722
3254
8220
6526
637
6549
8495
2284
1783
4634
4018
160
9639
4677
4379
7676
5344
4510
4048
1363
2653
4075
9135
6762
7164
576
4566
4394
2053
4077
9024
1157
6726
9058
2254
4211
939
3799
7607
7441
4631
9676
7185
1824
268
8415
9697
7006
1568
459
4990
1825
722
4198
6634
6807
1376
1965
5253
2112
6318
9161
141
7403
8612
6451
1874
9610
641
6289
9616
7014
9397
7527
5180
942
1415
5136
5872
9869
5467
3043
7714
6357
3219
7723
6636
161
1504
8468
712
4111
896
8317
5708
5828
5267
1376
7444
5996
9815
292
2178
3450
3513
4077
6816
2685
3643
2396
6725
4703
5444
3528
4905
1270
1100
6147
73
2212
1296
9389
1222
508
6386
5177
1965
2482
8851
4896
9497
2721
5833
5295
6743
7835
6393
2044
1074
6590
351
5429
2627
1345
6358
5
2183
6190
9215
5234
6145
5268
7537
9152
4469
9205
8984
3165
5123
9286
2446
7662
445
2447
7195
5044
5782
942
1136
7559
1578
7215
9476
4793
2212
4855
2278
1218
4282
1286
4184
6719
3361
5806
696
7300
7249
6940
2190
8916
3472
3378
5585
973
5637
8383
2470
9263
2791
478
56
3575
9359
7953
5608
8725
2370
1691
3729
5496
1634
5568
3758
8311
200
2758
2167
5730
2060
8237
5101
563
3562
6065
5308
5723
2296
1515
5823
9174
5054
1074
211
3700
4556
9983
7880
2493
3782
8005
3211
1819
1019
299
5754
1985
1695
1987
6380
1461
7749
3690
5177
2215
203
1109
6812
3450
2288
4439
8724
4740
2585
7056
9581
8362
249
5026
1020
4575
915
6875
9677
5994
9390
2815
3586
8453
6666
7988
3156
2158
6094
8917
7180
2247
6464
8143
40
5285
4886
2000
1002
187
1951
6912
5359
1404
6922
881
5354
477
6499
8311
8528
7239
1101
9295
3502
9927
9426
3242
7063
2313
753
1131
8705
5004
7496
4784
1385
7477
6768
647
5322
188
3509
6061
9484
9027
1405
5894
1275
6151
1519
9247
7147
4363
9626
930
1818
4595
8078
1632
1882
1536
28
2571
8473
1864
5650
51
3689
1393
9253
9086
9946
1972
3109
9613
4815
7017
8997
1717
4776
105
751
3550
2131
1294
1366
9463
5975
4909
8987
9499
5080
2854
7916
8781
9747
4649
5362
5422
7304
6290
8303
7619
3201
7684
389
6841
6193
1811
1338
553
7446
5768
9996
4776
999
4317
136
2707
5189
6531
5066
9049
6104
585
2000
8617
6913
2210
3795
1004
7973
3772
4520
1572
6251
9266
3249
9479
4908
2203
245
5147
5410
9122
3309
647
1543
3128
6095
1789
5334
9386
1961
3243
852
7996
32
7010
8898
6607
4668
4897
6185
7804
1444
2344
5854
7394
6139
7891
6993
9340
2175
7087
1454
6595
4070
3048
6947
1485
5100
1145
6819
2137
4637
3678
7201
2407
2704
3908
8519
1402
2722
1064
4406
230
4490
4645
1602
8721
6240
430
9405
5016
8226
2976
134
8885
2854
1850
668
6560
4888
7465
2889
7719
3550
1640
9479
6264
4285
5335
3132
7188
8193
8698
8791
8021
950
963
5921
1396
7289
1321
8312
618
6900
2727
4372
5422
5087
2796
4320
2347
7838
1804
679
6738
2948
5346
8462
5425
4748
625
8458
2235
5105
1149
4708
493
8288
7104
9597
5076
4042
2772
1866
2652
6874
5096
2683
7140
6157
6849
7026
3494
3733
238
6333
2363
5337
2705
4145
2572
5941
9659
3044
4611
1271
1463
6740
2090
8608
4940
5191
5385
2282
5627
7433
5506
5935
1087
3653
945
772
6371
1595
7001
9765
2153
9888
973
4245
3025
5736
8272
7119
96
8277
8357
2765
4086
5922
9607
4186
4132
1919
2218
3287
423
6062
3160
9276
3313
1463
8012
6371
654
7286
4987
4997
3007
8682
447
9757
8072
4422
5446
9416
1203
5608
717
6682
8685
2501
3251
6410
412
6303
1439
4886
155
783
3008
2260
9400
366
2719
9707
4212
5338
1927
1436
6045
1181
7402
7448
3774
2312
4901
6896
7264
7615
1502
1142
6323
1473
7294
9604
7296
4931
7652
8700
6452
1080
6504
9367
284
209
6480
3030
191
6205
2944
7431
7816
391
4424
1156
5756
9024
9797
5507
8636
1415
962
5291
4997
5986
6652
4437
4373
5517
9725
6309
634
5648
5750
8007
5746
3673
3912
2379
4199
6790
9989
7031
8185
7679
3901
4037
3802
2332
5650
5833
3456
5255
3615
9295
5159
1170
1364
7283
1779
3081
5264
1382
9249
2397
5203
7469
7815
1800
3903
9288
3238
449
8421
3401
7560
7243
8659
4738
157
4757
8624
5866
5942
7445
7186
1580
8658
6900
3824
6388
7432
8239
5084
316
4707
8455
9971
4449
124
173
1311
4606
9536
2517
7665
7108
6897
6116
3027
167
5699
8030
7238
1005
3618
9129
6430
9896
7039
3969
8779
7408
853
4437
9794
8826
1882
4633
1984
283
8563
2734
8027
1914
3952
7543
3322
6128
5989
4164
5602
9318
6527
7571
2366
1291
9025
7051
2077
4712
8774
2388
1624
5109
9347
724
3211
5353
2573
6487
8296
951
619
9025
6382
4111
2572
3761
7819
5843
2414
9613
953
5615
2905
3544
2
4169
6310
5256
6360
7532
2028
6912
111
2722
7996
6214
7892
4896
8273
494
9370
5367
1567
8654
210
9591
112
1387
1467
3511
1530
2463
2385
97
2027
2564
4024
6198
4636
1681
242
6405
6366
450
4348
7063
725
5617
656
712
1872
3407
9731
8791
7225
6829
379
5005
6514
7087
4167
3796
297
2139
1942
1005
777
2167
662
2400
9243
8803
668
4878
3808
3424
2322
7880
6478
9243
4299
4318
5958
7369
7320
9420
9487
6058
962
6324
5879
6740
1998
8769
3461
7070
8697
8661
4675
7396
1270
8619
5913
7458
1608
287
540
9939
1615
2330
5798
4703
3114
6546
2806
9265
6900
7330
8027
2744
4770
2248
6475
8207
2336
2377
3546
6815
2166
6113
7228
2511
2319
1924
977
8553
3005
992
5207
3315
455
3917
4249
7973
2900
960
1623
5199
1120
2763
1360
7826
8880
8031
9027
3034
5969
4270
1915
3763
1663
2970
6105
9928
2635
2970
9607
8591
3541
3610
2319
8853
2193
4610
3468
7859
5427
4913
5780
7723
3278
7845
3020
606
6341
7185
8424
1981
6042
7677
7717
3140
1416
4330
375
2336
8929
5346
9224
6908
3399
1313
7142
5538
7001
2724
109
6001
1201
6781
5573
1370
733
2100
5376
455
1704
1482
3717
5026
816
8765
3407
236
3740
9082
1567
582
263
7284
8855
5673
1499
2767
3574
1573
5702
6748
5197
4107
7762
8728
993
1594
4256
9700
3054
5105
1024
2012
1946
1357
911
8341
281
1470
3101
9901
899
3020
826
1656
2543
2653
2733
7663
5207
7138
7004
2574
2007
5013
3088
1178
8962
8592
4209
4984
5045
9590
3562
5359
491
9384
2064
1855
9126
7798
9291
7724
990
1692
2684
8742
409
8446
1791
9478
9796
3335
6439
5208
7126
8855
2195
51
3323
9013
8839
4170
5360
4544
5610
3603
3012
1194
7896
4928
2327
8540
7013
1745
1388
7854
7497
696
5882
3719
1038
2715
318
1539
188
5356
3214
1369
3301
3347
2092
8720
5981
8119
1318
8963
9432
903
3509
863
4384
5057
57
5847
767
4950
6862
1975
2041
2612
171
4736
2638
137
5622
8520
4023
70
3481
8359
1658
1796
8500
2791
6886
621
787
6379
6031
6919
3971
1676
2623
4381
8561
4704
3794
1344
814
8214
6512
8692
565
3360
9197
8294
2540
1316
1599
2106
1679
6755
8491
9921
1650
2756
6863
1822
4943
1454
674
9563
548
6134
8830
5209
1863
5693
5301
8726
3578
5470
2394
3309
4895
1519
3114
1993
6543
2362
4457
7799
7638
8025
993
3260
8634
6594
4637
7564
3802
1680
4604
538
791
425
1573
4493
2832
9465
6001
7620
3473
9096
4591
5482
1538
9508
2
7072
8319
7129
3726
1950
8968
2001
631
8386
7940
7028
1287
2800
6869
9090
7798
5340
3002
2717
7309
3825
6587
2264
8108
7870
1922
892
358
1632
7715
2154
1441
5913
7196
9244
5656
1239
6589
1347
367
121
2219
468
7483
9892
8018
9606
1735
2189
8589
7627
7610
2205
9850
5938
7042
4815
8337
4643
4837
58
128
8181
1574
871
7719
4314
1614
1455
7498
4324
9140
7083
9350
2538
7306
8605
3373
9221
9398
1390
1414
1751
874
3273
4360
6870
5258
346
3527
7813
2757
1996
2619
3614
9458
9145
5836
4398
856
1325
3707
6496
4622
8910
1369
8078
1664
3349
665
6757
9740
5978
7803
8139
4446
5312
7935
8098
3944
9087
5231
2614
1203
5027
1279
7312
3942
5132
4421
3533
4988
4216
8836
1789
8755
3500
1715
8378
2114
5940
9878
3872
3217
12
2709
6287
4198
6775
1698
1671
263
4974
3645
4946
3440
9670
8274
3729
2619
5317
1572
2207
7973
902
5987
9729
6688
5305
9048
6706
9804
2832
2595
5057
1788
1338
783
7675
4947
7991
7323
9062
2880
7444
3127
7154
9557
3847
6318
154
3519
8912
1254
7359
1656
6799
5401
4376
599
1506
6190
2784
3763
5125
5422
397
618
1594
9133
7464
5570
9461
7027
7982
9195
9719
2202
9097
9232
4597
1432
9474
7236
1680
2658
7907
242
9199
6803
3686
8643
8603
129
2781
8144
4086
1037
5577
7433
7909
6264
5563
8357
798
9103
5566
876
514
9087
6021
8323
9127
7424
4641
4805
7648
1901
9218
5815
8329
8759
151
4942
8589
312
7614
9450
2862
2665
3585
2108
8436
375
5567
9660
7318
6860
725
2799
631
8923
6216
2276
2048
9701
4206
4294
1864
6498
5876
2815
3530
380
7392
653
4481
3112
6352
9307
2004
4076
3006
2608
5119
6595
282
2008
678
5214
730
1341
835
9315
3359
6131
7089
8689
9554
4213
400
3659
8917
803
7079
1327
6331
2904
3087
3534
5575
7225
6707
646
787
9048
925
4214
1735
4758
2713
4095
5685
9912
8445
3733
5874
5573
3673
8126
4901
102
352
3052
1351
4459
3126
96
6252
7561
9473
7340
8316
2301
9570
4472
8414
4101
7080
2216
8398
7913
2660
9510
8526
6832
9037
3638
4162
4173
340
2293
7296
9007
2606
5741
2646
3581
467
7438
3744
1991
2490
3392
4054
1519
597
2023
8500
6415
8598
2043
3490
8301
4398
5245
551
5749
1975
1886
6785
9563
5799
4314
2151
5647
3540
2486
8715
7558
5302
2942
3759
5063
2018
8544
1486
6984
4438
310
6490
610
8752
1007
1151
3402
3683
6695
4835
755
2124
1028
2574
5551
7871
2328
9416
70
3324
8210
7451
9193
1237
6745
4079
8853
3431
3808
5759
5915
382
1365
5134
5572
4605
4406
7500
3048
1973
8738
1105
4677
3660
7779
8520
7
4548
7785
167
2
5912
7528
3198
878
6521
2292
8084
9706
8652
1599
6763
5127
5123
8822
5541
8924
1478
6172
7872
7722
4308
7859
6395
7374
6256
8546
6355
4217
3993
8209
5550
7434
756
1983
9519
7363
6808
813
3694
5465
7868
2318
5310
2079
7235
8566
1655
7026
1247
2695
1286
1965
4191
8322
7804
1912
7846
9429
4265
1818
6246
1672
2307
5859
1097
48
9186
4042
9630
5140
2720
9950
2286
5001
4193
3824
988
854
3018
4975
5752
60
4273
969
8711
469
3559
5625
5677
5163
9648
6040
3225
6792
7249
7509
1197
9890
1424
8667
2687
7592
4275
5714
6905
5610
8182
8061
4239
5430
6475
9373
6149
219
1517
5047
654
2424
6428
9055
9733
8469
6353
758
9781
5495
2782
7822
3580
1068
1910
1344
8325
2093
5837
2344
4981
5332
204
4846
543
876
9995
5553
7386
5878
9685
2391
7451
2853
3065
2536
6543
703
211
2208
2644
255
6913
2032
86
5610
1063
7299
6294
3116
9420
2634
795
3985
3464
3823
2569
1850
6088
355
4373
8374
185
5259
2876
2029
1904
4086
903
2916
736
4504
3185
9624
7714
1346
2521
2461
5755
9641
5454
2911
929
5349
2416
3849
2081
8052
5919
8029
8393
9356
4106
8739
2584
9320
1938
5242
8031
1515
5864
8612
9425
8589
8475
9929
6091
180
9244
1973
6539
1068
370
2571
3576
1817
643
1365
2160
7416
5309
2397
612
6866
6308
4933
3957
5361
461
8327
5543
5843
1029
9933
4219
8818
6403
812
8548
5508
9639
9717
5952
7698
7481
8204
6168
1042
1122
9902
3487
9684
8390
1250
9284
3170
7257
1846
5065
3764
2734
5960
2428
2353
7030
1477
5047
6371
3324
7991
4420
9219
1345
2661
8511
2465
5101
4757
7578
3532
3936
2522
3361
506
9161
4197
6543
8352
1488
4059
3120
2790
2159
7834
9507
2305
9989
2006
5517
5845
4704
4961
8642
5761
8563
7472
6885
3430
1719
7726
5044
9589
4013
1982
7234
5129
7320
4154
121
2932
4565
316
76
5823
9544
9714
4904
8459
7052
2741
1221
1422
3416
1296
6215
29
977
4974
4022
6535
3229
7622
5872
4430
1778
9673
2540
6676
1679
4586
2290
1703
3068
6293
1577
5835
7573
679
2341
2310
4686
6300
6965
9644
2503
1587
4972
3946
9307
1217
6552
76
164
9325
2965
3067
3150
2204
1457
629
1221
6737
6446
8193
4608
7354
2477
9212
4631
354
6667
9624
2085
7760
8474
4932
1357
9263
1111
5409
8051
8122
4793
236
2173
9967
2057
6486
8894
7589
7084
355
9569
691
1585
4664
581
5794
4085
1931
5452
8910
1738
6605
2234
830
8984
9596
7834
8298
895
8285
2736
5592
3805
2785
7367
2756
1718
7173
4211
3531
1733
1573
2222
7081
8477
2121
5114
5308
2451
9559
7704
9825
834
9256
6375
7210
5416
2766
3372
3215
658
3473
4385
2168
5102
1379
7441
4211
582
6352
9151
191
6935
2360
382
7083
4546
5831
4416
7576
7313
3839
8166
2655
6243
4022
2304
7231
3907
4228
5112
4611
7858
5084
3336
6084
6645
7559
2554
1395
8415
1218
3727
3604
6197
8674
1598
2419
4520
7035
191
147
7621
3343
6555
4739
4143
4381
6078
3681
2573
8881
2068
863
7258
4254
5422
8031
1140
2453
3686
1920
2280
8767
7272
7785
6714
1593
3588
3654
5961
5711
9638
8561
8780
1760
1698
3960
782
2546
2009
6281
451
1216
5134
6427
9218
5332
7501
7334
2216
2312
3044
9471
2077
3665
7377
8153
7660
82
8714
6366
9263
3338
9271
4223
8171
664
5361
7041
2477
3938
5438
6147
1323
3610
903
769
9695
1399
217
8539
2715
8504
1947
8278
1598
7617
9892
7053
4660
7165
6741
2209
417
2900
3867
6528
2391
1218
1182
5721
1138
1011
1019
6853
5422
3559
2317
7734
1948
5337
2478
4829
224
7518
827
3119
877
1060
4456
6524
2552
9277
2080
620
1012
6114
9227
3504
1725
8001
7446
7817
7043
2189
3376
8902
9428
3676
2487
643
368
4937
4212
7373
6017
3725
8584
2084
9371
3172
8969
5534
9863
5211
6544
2641
2705
7907
2171
5637
5669
9650
9840
4453
7767
164
3682
9725
4768
1697
1929
4432
9410
555
9136
3208
580
3854
3222
6571
1072
1864
7880
7213
2626
1644
6590
4328
9987
3001
5020
7576
8466
8217
1457
4537
3723
8072
1372
3682
1027
2180
3041
9047
830
8517
9226
7362
854
4221
161
8525
2810
3788
1136
7149
561
2078
3316
2284
177
2092
2172
3663
2514
2579
35
3052
6448
6077
2434
9297
8061
5863
1151
511
3047
8356
7484
727
2990
4559
6692
435
2538
2625
9708
2330
9841
3428
7991
6424
1726
1846
7995
5171
488
7792
717
8291
9255
3082
8349
7549
6648
3075
7938
923
6247
6638
7935
9424
7887
1422
3041
6399
2750
9736
8353
2201
8613
9435
995
5502
4858
434
3406
7533
3215
206
3287
3562
2110
9494
1621
819
4016
6499
8016
4636
8982
5901
5626
6494
7364
2017
1315
7233
7064
9040
88
7606
1477
7251
8412
3289
921
290
348
5876
6269
6824
2169
3782
3991
8925
1313
6709
2138
9465
637
7602
2635
2948
9396
9150
2453
8669
1025
890
3638
4900
4487
1846
9488
8093
2667
9630
6864
7059
1789
2257
1674
5293
9197
8881
3297
9252
6446
1456
2201
2130
6938
794
1425
558
3575
1528
6171
526
3558
7575
4524
3184
3849
5152
8438
9354
6362
2152
1406
648
1718
5660
7905
7324
842
2099
7435
9859
8129
988
3551
2537
981
1260
2399
243
1813
4694
7979
7390
3238
800
9073
4022
7028
1916
5044
2487
9503
4559
2690
6944
6856
4761
2648
5274
985
5520
4938
3333
5726
3694
3040
2140
5951
2122
970
5020
4960
4937
3793
4176
6265
5688
9472
754
1137
3461
767
2361
3972
1099
7870
6092
8772
9638
5576
3859
3676
712
9939
2059
4098
9359
6737
924
7960
8756
9852
9406
1478
1649
1507
924
3481
4078
737
987
7079
3567
3519
3432
1823
9332
5220
4216
1761
56
2806
8440
9314
6379
1106
3336
4660
4697
4395
5055
2235
5374
7357
1124
7031
4977
5466
27
3134
4947
9018
1063
1249
4647
4896
8043
2517
7361
8618
8938
1146
8248
6909
1204
8467
710
5474
2552
7085
8881
4984
5817
1412
9503
4630
7700
6597
3698
9229
6233
879
9524
2229
3300
2127
4338
4004
5360
1860
9368
6477
6618
3273
5069
9669
9461
1874
736
8437
7245
4833
2480
6689
1316
1060
6448
8413
7094
652
9050
5570
2172
4248
5110
2185
7043
2628
4438
870
729
8597
4550
8339
2353
8276
6606
4850
3928
2154
6798
2690
4747
6861
8525
9672
7550
330
7593
5517
8774
3460
902
3715
1125
3706
9556
7999
4847
513
913
4738
9087
1640
3709
3813
2745
4546
339
7139
9391
9330
4252
3766
1128
1444
1442
2253
1158
6841
2100
1114
9237
3073
7116
2104
7671
8833
4021
4381
769
1805
2182
9592
4956
6252
9899
8105
5893
4266
681
8730
1276
5298
62
2793
1197
9586
5353
5793
5609
7320
5207
7681
2658
3038
6946
5628
9797
6615
5740
1641
3132
5255
3596
339
6279
628
5013
6490
3106
7879
4498
5503
136
2133
3442
6495
5734
6077
6835
7042
5019
374
5464
8819
3009
7925
9344
3921
613
4206
4202
4627
703
1695
1902
1105
582
4846
1491
2603
2725
6846
59
9790
6111
9311
5210
1666
2549
6736
8337
257
330
3076
6436
2669
234
8857
4657
7540
8350
7878
496
2077
9279
4691
3542
754
516
9147
5084
7387
9063
6424
8088
3135
2752
8185
3967
7932
2662
1166
292
622
5899
6078
528
5736
5781
2453
5693
1785
8062
6832
3498
2799
628
4358
7416
1841
3848
2890
9324
2905
5167
7359
3473
1831
4912
7515
6094
3281
1357
7234
7301
8061
8435
2969
3459
7355
4299
1886
4951
2877
5451
2149
8155
8433
789
6309
3820
3368
6232
1131
3816
5766
5591
4187
8032
5852
9146
703
9577
3005
7130
3826
5360
8947
1472
1982
5960
2460
7477
291
6331
4547
4106
2318
1666
686
1770
2707
9982
9082
143
2513
1479
3700
6389
8000
508
8861
542
1322
7418
757
5502
8090
5689
6108
7493
5990
7605
8817
2970
5654
658
1447
7205
7703
8369
2393
4316
1213
5584
3652
1475
6904
5778
1743
9585
2616
9343
2026
369
2057
8697
3024
736
3726
3671
1584
268
2505
8511
1494
9938
8688
1218
2972
3044
8837
2082
927
675
6040
1711
6492
2944
4991
719
3293
5941
2879
9900
7443
6718
1292
271
3594
301
9930
8854
6632
6989
9215
6580
3926
6276
1128
8225
2205
7806
3662
2704
2025
4598
9658
1903
699
680
399
862
4580
489
2951
8945
9180
8331
996
7843
7386
8700
2449
477
4486
4431
5679
5788
5139
1383
5741
523
8678
7260
4761
8973
7018
3041
33
8336
4118
7640
6924
2364
1902
9760
9723
8467
3290
6302
1602
2125
2147
6402
2528
7475
9304
7260
8868
6184
6997
7866
1838
2184
6666
5063
3829
9111
7308
2758
7216
1169
5512
4661
7470
874
7156
7963
1109
1850
6746
6848
9890
9911
167
5384
7962
178
7221
2490
5920
2837
8663
8125
4231
6970
6896
2755
1025
2947
9893
945
3984
1965
5625
469
2351
3644
5069
4632
4344
4943
8499
8539
2810
8536
388
3593
2040
4142
6354
5025
321
4126
7666
7769
1516
4513
6547
8702
93
3623
9073
9065
4140
1977
4416
615
9288
8472
3203
6981
9391
7750
6716
7829
4721
1414
3529
6008
9080
3554
5740
9356
1260
7267
7130
1145
5023
2432
2010
1916
476
6529
278
7317
805
1094
1059
4059
637
937
7482
6491
0
1679
8780
762
1857
2504
4199
8050
9948
5061
1925
622
9800
1731
7483
6868
925
2511
1658
6532
728
1425
1770
7404
4300
9956
1180
6592
3406
2695
1132
6143
8184
8890
8523
9562
7859
781
8783
9406
1005
9474
2377
791
8881
8594
7514
9522
5365
7931
2019
6274
9576
326
6348
4235
9795
5071
4087
4650
7530
5947
2977
4890
2505
4645
6228
4981
3773
9589
7553
4031
2405
58
6544
8006
4379
3946
8848
5194
1034
7095
2660
2748
7623
1318
3467
2516
2419
8171
9365
7025
2059
6202
4675
5954
7023
2194
6923
6718
5288
4524
854
6324
5322
1482
320
4471
4049
2719
5939
8709
8888
2571
8541
5448
5641
8568
7123
4630
3863
2387
4754
7629
685
2284
3478
5763
2349
6190
6556
8530
5500
24
6332
7713
1952
5341
1586
3041
5814
2096
3311
3629
901
3857
9362
689
1813
1251
4142
5523
9602
3309
2738
2728
35
797
9476
7777
1825
8207
5821
7588
2142
5541
5525
5599
9993
5686
1902
8925
3946
865
3851
7782
75
7376
6807
8206
665
7392
2479
580
7839
5157
6725
6474
5851
7183
2820
8662
5347
9518
1859
652
7595
2133
4508
8885
3687
733
4813
9685
1182
8362
510
2203
3200
6480
716
4551
2425
24
1862
9457
3334
142
7628
8135
4040
1902
9267
9353
6598
5556
5501
9606
1641
3110
486
5212
1072
8394
310
3532
6606
1699
4606
4961
5323
4216
1201
9697
1963
1026
1440
7780
1870
1873
46
6573
5155
1490
163
6757
1990
6979
5085
1447
4236
622
5201
956
147
5209
7602
8271
2237
4070
1992
7329
9753
5028
3768
7673
3261
56
6608
5442
7488
8123
5034
1295
4390
3029
9694
9280
7256
313
9869
1062
1682
129
1520
3998
3761
5710
7877
9587
6443
1973
2416
2085
9114
8583
6958
3159
3235
2847
6648
5543
5252
9120
5620
4167
7110
9675
2107
9599
3621
4543
1092
160
3218
2108
5146
952
7490
5827
478
5521
3291
6929
2925
742
5998
3182
4707
1484
3445
5679
3680
8216
4018
2022
4050
2170
7790
2364
7253
830
3336
8345
3680
3865
2722
3112
9083
2704
5171
1180
7790
1999
1490
2059
3403
1846
2314
2349
8458
9272
90
2610
9889
9565
3664
8154
6256
1880
3842
8112
575
358
2438
4559
64
6889
1480
5767
7462
7813
7194
8795
7585
1772
8863
5502
9328
1619
994
1006
3341
6560
4014
6544
293
1666
2326
8527
2913
3282
4558
1712
4824
9835
7991
5721
6367
9066
2656
483
8954
7402
4973
3675
2382
6533
6165
1473
1777
6083
7702
6535
3701
8507
6228
8161
1038
6393
6402
1087
5619
8720
3865
1270
3874
1352
5315
5763
2391
8113
9584
8217
6120
5798
5417
6702
3916
6507
6030
7498
6367
4463
180
7713
3097
2624
6858
4219
44
6062
1604
7940
714
7358
5868
8203
1669
6802
755
1073
9923
1337
4707
5996
6061
8836
4751
3974
7606
8098
8498
6118
5367
252
6142
247
4304
8780
1729
9257
9122
7254
6379
885
991
1778
9308
7234
2221
8516
4446
4973
5490
6695
8939
1397
7005
1082
1932
2991
851
7299
1016
8715
2825
5683
2613
7834
3782
4723
3014
3887
4619
2524
8488
1416
8457
9681
7569
6404
7905
3092
4781
4943
3779
8969
4006
5308
1715
5843
2469
3711
3030
5222
2906
7216
3913
8958
2118
4507
5501
3327
3056
6507
6778
8695
5657
5189
8804
5592
8679
8764
1159
8635
1177
924
4220
6352
104
9162
4086
691
7367
253
1678
866
6429
6861
3871
9781
967
7818
1586
2580
1607
4350
376
8558
7697
2024
2467
4685
834
6209
26
6450
9605
1489
2693
6631
6540
7701
8079
9171
6946
3668
1841
2817
188
3433
772
2125
9262
1187
1673
63
3056
9669
3030
6411
7148
6964
6337
7255
4109
3943
8141
4879
5999
3201
4294
2710
23
6215
484
797
1494
1930
5012
311
8492
3263
5523
3169
2595
492
6319
6770
3674
789
6240
5285
338
3684
3748
5950
8749
2187
3679
8234
5613
1255
569
5378
1910
3305
3696
4887
3382
2712
9138
9411
4758
1521
7391
4359
7586
5778
821
7756
5428
9352
3284
2480
7385
8321
20
8539
4109
2
1471
9566
4725
539
5043
2250
3724
881
2936
1194
7708
612
1376
9589
9813
2866
5712
5878
4641
6776
1403
8723
3869
4773
8568
2974
6664
3935
1390
5143
5249
4232
8125
6189
5107
2870
7692
4353
1632
4165
6260
976
3359
4391
8106
7148
1885
1853
9892
1116
7956
151
1796
3259
250
2548
3798
7070
4811
7754
4372
6537
807
7794
8606
8629
5083
2522
7708
5070
912
6160
4558
2523
249
2505
2150
1800
6614
6997
7694
6026
1691
9496
9415
4543
7701
1483
9047
5512
5014
6697
6398
3080
655
1384
714
1675
1238
9641
7967
138
5309
3177
4316
1802
2079
7573
8316
7322
1514
1181
2483
4235
4855
5328
8127
871
6754
2634
7214
7786
8721
7376
1351
3020
2716
4545
7849
6092
1180
5120
6089
7651
2147
4844
2088
4577
8044
4671
5092
900
8741
7836
2163
6406
9186
5098
1012
5661
2587
4193
1271
4874
5639
5037
5096
4193
8907
1830
709
9673
776
5726
8913
9112
8926
6857
26
9818
1124
3039
5717
9315
6149
8171
2996
6407
7445
415
5900
7447
2253
6601
2553
2029
2029
149
2710
7848
1963
1107
3889
3418
5214
681
1429
2853
6077
9934
5880
762
2567
8846
4346
7226
5179
9474
2375
7903
3417
882
8771
2650
1271
6378
9694
474
6881
111
5723
2061
3086
9082
3754
7069
9642
6139
1669
7856
7616
864
7466
9388
2931
2422
2645
4418
2969
6811
3934
2235
7442
6435
3116
7282
5977
7823
2457
7408
1267
3718
4878
26
7060
7476
562
4630
1292
5178
5822
9925
6024
6988
5434
3638
2742
9325
7673
261
5772
4090
3496
7781
2589
530
8879
2471
1172
1311
5145
4290
8991
2224
134
5588
7132
1323
6346
8845
7366
7805
9289
5514
7364
1714
6033
5728
1846
3740
9523
7543
9
236
5891
4413
8479
5258
6921
9998
8007
528
3185
4088
4878
3811
666
2179
134
1734
7028
8428
1613
957
9452
3433
6165
6240
1105
6610
5579
5081
9213
343
6745
3013
4311
2452
2994
9637
5615
8464
563
6941
4838
2972
309
8060
9334
8354
1363
4833
8601
3595
4339
8500
2908
3139
537
5069
9801
440
3070
1390
1445
4452
4449
7966
311
4778
568
2376
9784
4360
2039
8092
2905
4146
2158
9774
976
7783
9699
1114
9887
1597
3048
1225
9942
8152
4294
6015
9630
3941
1703
5938
1198
4190
703
3950
2750
1948
5601
6352
699
9293
1333
2068
6842
4023
1087
2391
6883
2024
9720
7797
2544
4594
95
2383
49
5403
3122
7441
8169
1507
5421
3390
4367
57
1556
369
3318
8787
1810
9661
6086
2754
922
7505
7878
3280
6021
7337
3089
4990
7882
6466
1061
7309
560
1095
7476
1415
117
3783
1360
4569
890
869
3301
2141
6638
5465
2068
1621
3938
6270
8411
1061
1754
9111
8370
8567
9667
4669
6549
2946
5284
6490
5527
435
552
7234
7382
595
251
4493
5211
7762
4099
4136
5091
2886
5748
9732
9122
8279
4984
8133
3828
3947
1119
2142
743
800
5762
4141
6199
7279
429
7784
8859
643
2729
6539
6912
9704
8666
7866
8564
2755
6530
4171
516
8149
1623
2502
196
9796
6209
3072
7705
7966
6481
2400
254
4106
6298
2432
7423
22
1994
3571
6811
8865
2480
7210
2425
3386
5145
2740
5856
7188
688
8882
2333
7849
584
892
1079
8709
8190
6900
4625
323
2709
8998
523
9639
7060
386
4823
36
5001
3152
732
2006
7279
7139
3964
8644
6879
8500
1594
7438
5633
7578
6987
5316
1886
3622
3154
1824
4235
6824
5624
580
3786
4355
9709
4528
2087
6835
4979
4066
7407
843
2041
1241
1797
2853
6319
4831
2935
7842
5882
1384
3153
2024
5664
708
2189
1664
3403
1917
1440
6982
3713
651
9393
1443
9861
4638
6446
3714
5392
6740
4576
9803
7753
950
2790
8866
7962
9188
2552
4007
1657
5644
1590
8152
473
361
2797
9301
6109
502
7927
1205
8359
335
8324
3777
4801
7337
1755
947
1072
2276
986
967
7715
2545
5273
5559
9349
6837
9609
3549
218
5569
311
1581
8269
9142
6890
6889
6685
595
5603
7488
5474
7315
4014
3709
5012
8729
2364
9855
7952
2778
4050
1349
1843
3409
2518
1303
7383
9727
2625
9095
167
781
4176
2099
2353
857
581
5334
608
6714
1871
6281
5718
6099
5601
8613
2745
3655
6409
8688
3941
5467
3055
5745
3946
2429
6060
5869
5418
7691
4766
1052
174
4107
4599
9186
2481
8910
6335
6085
664
9348
688
9437
7905
9081
5802
1934
1383
1224
8581
8154
6167
7156
1933
2258
6840
1699
9513
5952
1555
1211
2129
7613
5567
2641
4018
2010
386
9054
2314
9432
3526
487
8742
8498
1125
6537
272
4900
4374
3751
9064
359
5441
2541
7550
5070
9998
344
6458
7944
2049
4831
2689
1336
678
9451
364
8382
4253
4925
8560
5152
5935
864
4800
1936
2624
8335
9309
7580
762
583
6303
7106
7320
6969
354
6143
7431
3462
4265
2397
6194
9270
3534
4269
3737
1867
889
1328
1480
2520
9752
156
1938
2707
362
5153
4391
2224
611
586
6900
1511
5296
7120
1045
9845
2026
748
8750
415
4091
9560
5910
6546
7451
62
274
5964
2807
5277
3154
5716
7979
843
6708
6984
714
3242
7631
3843
6525
9552
261
591
9299
8824
7841
3987
7826
235
9159
3777
8119
3841
3392
7618
9105
150
4181
1016
5417
9878
7867
7979
2734
5216
2719
6166
9406
5460
4469
2885
1271
1709
5627
8912
2591
2035
5376
9044
5950
8202
6699
386
4023
2111
1757
7507
566
9276
3889
8865
745
3414
5135
3426
2625
6295
3575
5930
6534
757
1777
7991
2004
2076
8903
5237
3245
9035
7776
8071
6474
2618
2240
5816
6035
5401
8864
1882
8548
2727
4487
6261
139
6630
6452
5765
4722
3174
181
8984
7695
9482
5639
9094
524
6215
3298
2601
7586
9028
1140
953
6878
3705
9490
4381
6642
8907
6258
6003
4403
9107
70
9753
2145
4429
9765
6586
9681
5496
9042
6774
2270
4441
5826
6780
7740
5764
4856
8304
203
2617
8025
8224
2047
524
4982
9131
9358
279
4701
3014
9657
323
1391
1862
2920
1410
4996
2599
1087
8976
6727
3954
7903
8136
6855
2280
260
141
5217
86
2236
2868
194
6
1511
2682
854
4615
1483
1338
4170
3942
4946
8835
6508
3846
8588
6337
2994
2869
7176
7111
8172
2209
8790
1698
1395
8125
1045
372
1616
5488
3087
2536
8635
7072
2204
7567
2073
6889
5814
828
3854
9406
3843
408
778
1229
6297
426
4878
1582
8054
6710
8376
1960
1854
1484
5160
3020
8753
4201
1360
5254
413
5774
777
7018
171
1407
6439
7978
1698
7186
2161
5142
4563
1357
6219
5509
9746
3536
7158
5276
6764
5128
7939
9604
3340
781
6484
5264
1151
6510
4588
8867
8428
3666
6036
855
9925
977
4584
1409
3981
5779
1181
4773
7196
4070
9384
6919
896
739
3856
3904
5463
5794
293
3033
4986
1505
6745
1037
654
4431
7033
2841
9603
9753
4743
6421
9559
8068
2739
9448
6824
3373
7753
1509
2004
8717
9660
9959
2731
1278
5443
1479
9242
2683
4467
8884
2317
799
2708
6111
5373
1170
28
4135
4669
1738
7509
2199
103
8839
7203
5861
4352
1954
2396
1977
1127
6014
4796
2338
6493
1320
6075
5431
2304
3083
4029
8055
6356
9969
1417
4141
7003
3248
4977
6737
910
4255
331
6265
7230
1703
2635
386
11
7676
4849
4098
4109
8282
5375
8796
9979
3963
7418
9
6261
2060
9203
4653
7441
8
8069
3903
173
493
3346
606
8342
8864
6721
7344
1251
1148
1000
9796
2741
851
6827
4736
3430
93
9282
4514
3714
1995
2058
117
5656
7993
1984
7055
1404
6083
2604
6527
4158
4985
495
4444
9060
6818
6634
3748
7122
2208
2624
1301
8033
1490
3734
4816
5156
2095
5528
7237
307
2370
1799
3011
1383
8100
5501
2369
5105
3045
1416
3791
8400
5940
3561
1212
5124
3536
3716
1676
2732
8755
7901
6384
9638
9293
187
5912
1048
8248
429
9620
5097
8970
7656
1066
7271
4614
2944
3681
9188
9915
112
1534
8688
2059
803
2614
7918
1363
9122
9684
5085
4150
5587
788
9568
5358
2784
4716
1983
3055
1429
6882
4447
5369
5390
9014
6260
5849
339
8341
2558
5401
3515
1776
3748
3651
551
794
4313
5103
4926
1441
5823
6125
1740
7941
3622
3244
4573
4748
1773
4332
7742
4682
8507
2070
8920
2231
4226
7893
9310
5200
5146
5144
2897
6123
6951
6038
9497
457
4974
8194
2417
5741
2290
7425
784
3826
8624
3438
7815
5705
6106
439
5241
5713
8451
3740
4143
2925
8924
5679
4310
3553
667
1711
8747
5773
9067
618
6104
2283
1586
2059
7631
6495
2651
6872
4442
7638
2420
588
8459
1344
5312
5814
4336
5874
3714
4739
1700
3949
5511
9155
2629
5257
1099
1835
8003
5337
2749
9338
8260
155
1331
1229
4758
2734
9060
3834
8332
70
1118
3509
4433
8838
7128
9909
1037
5330
283
9119
3156
3276
6555
4344
1623
9846
6680
7469
9582
9019
8054
7452
2859
4992
3475
3751
2733
8610
1728
8226
9842
5027
7376
8999
8412
4945
3930
8253
4185
221
6877
2330
9288
5705
3733
579
2540
1119
6960
9200
8853
8902
5208
761
7925
3682
4480
774
2470
7861
2095
6037
7491
8970
6585
2493
8457
8784
1033
2450
8217
951
8765
2284
2851
2211
4423
4978
8402
7146
6991
7310
400
6663
3553
1144
7077
4617
5658
1437
5807
4879
5183
1038
2628
6041
3451
6356
142
2883
97
1884
405
1133
2240
1052
292
7834
2351
3495
3357
9200
77
1772
5257
4627
5365
1021
8472
4924
5522
748
6558
9172
8951
3074
1142
7414
8178
5405
8259
3834
190
9253
854
1411
1858
4871
5563
8259
6943
7102
8857
56
3319
6725
6438
7474
2030
7834
1395
470
7431
4466
7754
9839
8763
2538
8343
7469
1989
5862
1278
4405
6080
7796
9736
1166
5960
5199
8007
4292
6737
2845
4715
3996
7599
5999
3405
2237
5109
625
7967
1386
1946
1454
6110
1097
9095
367
8548
381
2666
6404
6890
1425
6115
6832
8348
222
8383
4895
4477
9095
7677
1083
3580
4034
2060
7588
4840
1070
800
1749
7605
1012
1708
8565
5854
7818
7359
811
7203
8009
716
9870
1999
9608
1581
693
5293
8199
2281
6509
1042
8182
349
2721
8165
1923
6873
1943
5871
6777
5477
3049
859
6954
4856
6813
2131
4456
81
4192
9822
9235
5968
6030
2725
4315
5643
5319
4771
3453
6304
6756
4692
7717
5512
9207
9548
918
463
917
842
1749
1856
3501
5580
2791
550
8612
6539
3353
9485
8618
4750
1683
976
4346
4402
7736
4398
1663
3814
7551
7359
2042
7160
3455
5797
5303
6108
245
7812
6052
549
7971
5594
4331
746
6368
1741
4363
948
6442
1378
2736
1461
1715
4853
8445
8815
2706
291
6758
5052
9088
1673
5704
9395
1800
1244
9079
7352
6164
9394
8587
3296
3602
9751
2844
7110
4267
6872
336
9856
3538
4504
1276
1203
7192
7732
8879
6963
1652
8706
8178
8419
9867
968
8005
3266
5981
9303
1917
7327
2610
2236
8390
5543
6394
9263
6889
9314
6280
3704
789
797
2341
5011
2274
9113
1949
5240
8660
6297
2122
9663
4045
4972
5960
5223
8903
5390
7109
9292
2981
3969
8847
6099
3321
2965
3689
3709
390
2069
1989
2731
5849
9467
143
3691
1548
4867
4087
2324
2198
6247
2309
5063
8559
3077
4938
971
6988
1593
6948
708
7510
6990
9049
2822
2637
8748
3476
5607
5054
2921
4192
8234
3630
3536
9353
3212
8229
6507
7680
6663
6364
5458
10000
9743
3696
9458
4817
3006
1603
4157
1318
7686
1286
9992
4422
6976
5289
4231
8866
6580
5896
2246
4417
5515
880
2656
263
9177
4754
7667
5538
9719
6658
3496
8098
7648
276
908
6173
9907
5198
1812
9458
1768
641
3880
7678
4154
1623
2736
2556
5664
1243
3254
8464
6434
9571
166
8290
6301
9640
2053
4739
9510
3806
7437
1862
5663
1371
2583
7260
2986
5441
2502
191
3608
745
5159
7495
3741
4449
9565
663
9297
9971
4752
864
2812
306
5853
5670
6706
3653
3438
1096
4020
5460
8042
9969
7018
1655
1413
597
8402
9696
6154
7465
6796
1786
400
1292
6144
6266
3700
594
1323
4260
1144
2127
5792
6150
4250
820
5450
9166
9485
6399
3315
673
2520
7913
643
6350
983
5739
6748
3960
6377
5874
2326
7261
7301
755
2792
970
3345
8703
4703
9608
4139
4260
2007
7092
6340
8986
1172
3565
6868
6698
191
956
2830
3549
7350
5694
4946
7150
3465
9454
1525
6837
307
3978
8098
775
3377
9392
8682
5401
858
2051
3807
3540
7413
7288
9556
525
979
5845
1681
4020
1233
1980
4611
909
2584
8765
1495
1856
9491
6030
8113
9659
8256
4820
